54594 20210616
11368 20210616
81073 20210616
51916 20210616
13777 20210616
38746 20210616
14526 20210616
11581 20210616
15537 20210616
68830 20210616
85631 20210616
44644 20210616
27684 20210616
16126 20210616
85914 20210616
49373 20210616
18973 20210616
29946 20210616
10866 20210616
20117 20210616
20512 20210616
20670 20210616
25320 20210616
64899 20210616
21371 20210616
20618 20210616
21742 20210616
11267 20210616
23297 20210616
23660 20210616
46578 20210616
82542 20210616
30680 20210616
40125 20210616
56274 20210616
79618 20210616
27562 20210616
59256 20210616
27909 20210616
49154 20210616
76708 20210616
49429 20210616
61313 20210616
12008 20210616
31051 20210616
31668 20210616
81124 20210616
47511 20210616
33209 20210616
31691 20210616
34367 20210616
60628 20210616
36768 20210616
37154 20210616
62228 20210616
58421 20210616
59010 20210616
17144 20210616
21055 20210616
60468 20210616
41241 20210616
41452 20210616
66181 20210616
46886 20210616
44134 20210616
47571 20210616
47619 20210616
47715 20210616
48072 20210616
16678 20210616
89456 20210616
48347 20210616
48486 20210616
48523 20210616
64282 20210616
61399 20210616
64020 20210616
51530 20210616
27617 20210616
81061 20210616
60097 20210616
42796 20210616
53074 20210616
27975 20210616
53197 20210616
87437 20210616
89857 20210616
53613 20210616
54114 20210616
54704 20210616
55678 20210616
55862 20210616
55993 20210616
78900 20210616
57665 20210616
57817 20210616
79611 20210616
59185 20210616
34948 20210616
13393 20210616
35107 20210616
41355 20210616
61621 20210616
13936 20210616
62958 20210616
63125 20210616
80185 20210616
18163 20210616
64742 20210616
64785 20210616
64961 20210616
65307 20210616
62033 20210616
55984 20210616
76711 20210616
66852 20210616
46922 20210616
91556 20210616
67847 20210616
77354 20210616
50948 20210616
42585 20210616
43481 20210616
18438 20210616
52038 20210616
74500 20210616
74740 20210616
74908 20210616
76081 20210616
76946 20210616
92583 20210616
59600 20210616
78044 20210616
65306 20210616
16555 20210616
79573 20210616
43553 20210616
80179 20210616
92874 20210616
80857 20210616
59627 20210616
81294 20210616
55976 20210616
19502 20210616
66384 20210616
82924 20210616
83011 20210616
51086 20210616
15456 20210616
83601 20210616
40539 20210616
19624 20210616
88664 20210616
10044 20210616
67467 20210616
10107 20210616
10104 20210616
13983 20210616
10501 20210616
91287 20210616
10514 20210616
10550 20210616
10645 20210616
22323 20210616
11246 20210616
75033 20210616
11174 20210616
75107 20210616
10066 20210616
11896 20210616
11752 20210616
12266 20210616
72813 20210616
71159 20210616
54228 20210616
66616 20210616
75183 20210616
75268 20210616
12211 20210616
75354 20210616
13628 20210616
78705 20210616
17205 20210616
75346 20210616
75459 20210616
75415 20210616
75694 20210616
13634 20210616
12076 20210616
75607 20210616
14609 20210616
75603 20210616
75976 20210616
75239 20210616
75556 20210616
75828 20210616
16164 20210616
13774 20210616
20169 20210616
13963 20210616
18325 20210616
14169 20210616
14182 20210616
14141 20210616
14231 20210616
14274 20210616
14532 20210616
14296 20210616
77488 20210616
14434 20210616
75905 20210616
76052 20210616
19814 20210616
14544 20210616
14547 20210616
14450 20210616
14528 20210616
21259 20210616
15145 20210616
14603 20210616
14759 20210616
14763 20210616
14942 20210616
76076 20210616
14803 20210616
15226 20210616
16625 20210616
76119 20210616
92897 20210616
89655 20210616
14926 20210616
14953 20210616
17269 20210616
15108 20210616
76201 20210616
20575 20210616
16076 20210616
89369 20210616
15168 20210616
19629 20210616
90053 20210616
76273 20210616
76279 20210616
15489 20210616
15490 20210616
79037 20210616
16834 20210616
16310 20210616
76572 20210616
76605 20210616
15486 20210616
76837 20210616
15535 20210616
15423 20210616
90751 20210616
76721 20210616
77007 20210616
76750 20210616
76839 20210616
15649 20210616
15582 20210616
77071 20210616
15651 20210616
77114 20210616
77165 20210616
77175 20210616
77259 20210616
77282 20210616
15530 20210616
13599 20210616
77460 20210616
77470 20210616
15623 20210616
77584 20210616
77606 20210616
77609 20210616
77649 20210616
77637 20210616
17116 20210616
77659 20210616
83387 20210616
77692 20210616
77693 20210616
77818 20210616
77808 20210616
19413 20210616
77892 20210616
15729 20210616
78034 20210616
78107 20210616
77910 20210616
16268 20210616
15837 20210616
18773 20210616
15849 20210616
18306 20210616
15017 20210616
15909 20210616
81225 20210616
91437 20210616
16452 20210616
16020 20210616
16304 20210616
90695 20210616
16049 20210616
16284 20210616
78875 20210616
78944 20210616
78943 20210616
16318 20210616
78975 20210616
79007 20210616
79049 20210616
79052 20210616
78987 20210616
78963 20210616
15491 20210616
16382 20210616
79094 20210616
79222 20210616
79229 20210616
79236 20210616
86408 20210616
16451 20210616
14975 20210616
79448 20210616
79456 20210616
79461 20210616
16431 20210616
79686 20210616
87055 20210616
79734 20210616
79702 20210616
79881 20210616
79866 20210616
79879 20210616
15285 20210616
79885 20210616
16676 20210616
16795 20210616
16537 20210616
80167 20210616
80114 20210616
16536 20210616
80274 20210616
80233 20210616
16990 20210616
80320 20210616
80362 20210616
80401 20210616
80341 20210616
80415 20210616
80478 20210616
80432 20210616
16632 20210616
80329 20210616
80520 20210616
16611 20210616
80719 20210616
78447 20210616
16650 20210616
80951 20210616
16649 20210616
80960 20210616
80957 20210616
16657 20210616
20620 20210616
81165 20210616
20614 20210616
16710 20210616
81278 20210616
81481 20210616
81655 20210616
81736 20210616
63546 20210616
16968 20210616
17345 20210616
17038 20210616
17141 20210616
18372 20210616
17341 20210616
19655 20210616
18309 20210616
19638 20210616
17344 20210616
17382 20210616
17701 20210616
17685 20210616
17891 20210616
18643 20210616
17803 20210616
17809 20210616
17876 20210616
38850 20210616
17864 20210616
17974 20210616
18571 20210616
18314 20210616
18901 20210616
18048 20210616
18136 20210616
18645 20210616
18420 20210616
19779 20210616
19011 20210616
18847 20210616
17381 20210616
18771 20210616
18482 20210616
18484 20210616
18734 20210616
18726 20210616
21090 20210616
18727 20210616
18787 20210616
18808 20210616
20294 20210616
18898 20210616
18886 20210616
18940 20210616
19084 20210616
18776 20210616
85399 20210616
19357 20210616
19496 20210616
19316 20210616
19551 20210616
19565 20210616
19578 20210616
19579 20210616
19811 20210616
19660 20210616
17920 20210616
19746 20210616
19945 20210616
18661 20210616
19938 20210616
18900 20210616
20339 20210616
20341 20210616
20193 20210616
21308 20210616
20654 20210616
20647 20210616
21551 20210616
21269 20210616
21526 20210616
20580 20210616
21559 20210616
81861 20210616
82642 20210616
82598 20210616
82762 20210616
82777 20210616
82747 20210616
82833 20210616
83148 20210616
91910 20210616
83149 20210616
83120 20210616
83373 20210616
83411 20210616
83391 20210616
83597 20210616
83683 20210616
83822 20210616
83976 20210616
84084 20210616
84041 20210616
84275 20210616
84255 20210616
84234 20210616
84348 20210616
84314 20210616
20598 20210616
84588 20210616
89508 20210616
84761 20210616
20149 20210616
84781 20210616
85035 20210616
85072 20210616
85040 20210616
85177 20210616
85314 20210616
85272 20210616
85394 20210616
85705 20210616
90012 20210616
85390 20210616
85339 20210616
85340 20210616
90875 20210616
85488 20210616
85539 20210616
86745 20210616
85796 20210616
86572 20210616
85738 20210616
85916 20210616
20745 20210616
85905 20210616
87508 20210616
85918 20210616
92893 20210616
85942 20210616
86033 20210616
86143 20210616
92935 20210616
86369 20210616
89606 20210616
12380 20210616
87069 20210616
86580 20210616
86717 20210616
86594 20210616
86822 20210616
86872 20210616
86990 20210616
89416 20210616
87162 20210616
87179 20210616
87227 20210616
87285 20210616
15278 20210616
19943 20210616
88360 20210616
88332 20210616
88542 20210616
88661 20210616
88841 20210616
92131 20210616
89290 20210616
88930 20210616
89071 20210616
89301 20210616
89216 20210616
89397 20210616
89449 20210616
89358 20210616
89372 20210616
89459 20210616
89540 20210616
89492 20210616
89516 20210616
89641 20210616
89534 20210616
89600 20210616
89598 20210616
92468 20210616
89688 20210616
89707 20210616
89733 20210616
89745 20210616
89766 20210616
89786 20210616
89784 20210616
89788 20210616
89783 20210616
89889 20210616
89814 20210616
89809 20210616
89842 20210616
89908 20210616
89882 20210616
89879 20210616
90215 20210616
89935 20210616
91901 20210616
90291 20210616
90108 20210616
90160 20210616
90202 20210616
90249 20210616
90244 20210616
90269 20210616
14133 20210616
90371 20210616
90600 20210616
90390 20210616
90564 20210616
90634 20210616
12487 20210616
13196 20210616
90715 20210616
90563 20210616
90706 20210616
90636 20210616
90612 20210616
90646 20210616
90689 20210616
90913 20210616
90729 20210616
90870 20210616
92769 20210616
90927 20210616
15509 20210616
92294 20210616
21228 20210616
13534 20210616
13798 20210616
13379 20210616
14033 20210616
16856 20210616
13511 20210616
13527 20210616
13357 20210616
91463 20210616
91194 20210616
91742 20210616
91525 20210616
91733 20210616
91907 20210616
91836 20210616
91814 20210616
91849 20210616
91858 20210616
91872 20210616
93126 20210616
92203 20210616
92257 20210616
92322 20210616
92471 20210616
92493 20210616
92466 20210616
91365 20210616
17324 20210616
16974 20210616
93427 20210616
93347 20210616
20887 20210616
92688 20210616
19315 20210616
12527 20210616
92986 20210616
15380 20210616
93123 20210616
93266 20210616
93373 20210616
93340 20210616
12078 20210616
12363 20210616
12082 20210616
12488 20210616
12502 20210616
12366 20210616
12505 20210616
12783 20210616
12745 20210616
13750 20210616
17323 20210616
16070 20210616
13046 20210616
13399 20210616
12920 20210616
13181 20210616
13142 20210616
15631 20210616
91964 20210616
90179 20210616
90068 20210616
90121 20210616
14642 20210616
19654 20210616
